# OSU MPI-CUDA Bi-Directional Bandwidth Test v7.5
# Datatype: MPI_CHAR.
# Size      Bandwidth (MB/s)
1                       0.14
2                       0.28
4                       0.57
8                       1.14
16                      2.27
32                      4.53
64                      9.00
128                    17.98
256                    35.95
512                    71.87
1024                  140.97
2048                  277.85
4096                  542.54
8192                 1020.00
16384                1861.90
32768                3187.22
65536                4954.58
131072               7336.07
262144               9548.97
524288              11105.22
1048576             12266.35
2097152             14567.00
4194304             15659.09